[(122, 0, -0.22), (123, 0, 0.3275), (124, 1, -0.485), (127, 0, -0.2775), (128, 0, 1.2725), (129, 1, -0.0275), (130, 0, 0.8316), (131, 2, -2.855), (203, 3, 1.09), (204, 0, 0.885), (205, 0, -0.5175), (206, 1, 0.66), (207, 0, -0.585), (210, 0, 1.8425), (211, 1, -0.9975), (212, 0, 1.4325), (213, 1, 0.17), (214, 0, 0.0525), (218, 0, 0.91), (219, 0, 0.905), (220, 0, -0.5825), (221, 2, -1.3925), (224, 0, 0.23), (225, 0, -3.2175), (226, 0, 1.53), (227, 1, -1.895), (228, 0, 4.025), (302, 23, 4.1325), (303, 19, -3.5875), (304, 33, 1.575), (305, 77, -0.65), (306, 53, 1.7575), (309, 75, 0.605), (310, 188, 2.05), (311, 365, -0.49), (312, 439, -1.9275), (313, 633, 3.27), (316, 1467, 0.065), (317, 1833, 1.3375), (318, 2657, 1.725), (319, 4494, -0.6513), (320, 6367, -4.485), (323, 11152, -0.9275), (324, 10618, 2.63), (325, 12127, -1.3075), (326, 17821, 2.98), (327, 18591, -1.2525), (330, 22154, 1.0175), (331, 26381, -0.3275), (401, 35824, -1.3975), (402, 32280, 1.1475), (403, 32447, -0.3475), (406, 31993, 2.8925), (407, 30146, -2.8425), (408, 31244, 0.8325), (409, 36026, -0.1775), (413, 27243, 1.235), (414, 28512, 1.7625), (415, 26363, 0.5075), (416, 29682, -0.1725), (417, 33157, -0.4725), (420, 30643, -0.255), (421, 25947, -1.9775), (422, 29967, 0.6225), (423, 32078, -0.21), (424, 31491, 1.4425), (427, 24693, 0.3425), (428, 24604, -1.625), (429, 26809, 0.75), (430, 29507, 0.96), (501, 34822, 0.705), (504, 24051, 0.9975), (505, 24081, 0.625), (506, 24373, 0.0425), (507, 28210, 0.13), (508, 27207, 1.1225), (511, 19222, 1.7275), (512, 23378, -1.605), (513, 20001, -1.125), (514, 25877, 1.2575), (515, 24399, 1.84), (518, 22384, 0.4475), (519, 20758, -0.4725), (520, 22839, 0.6375), (521, 25112, -0.4525), (522, 23922, 0.78), (526, 18696, -1.6925), (527, 18805, 0.4925), (528, 21129, 0.37), (529, 24737, -0.3275), (601, 17837, 1.025), (602, 19956, 0.6487), (603, 19048, 0.115), (604, 27711, -0.5175), (605, 26181, 2.0375), (608, 16912, 0.8025), (609, 20324, 2.9625), (610, 21746, 1.235), (611, 22303, -3.3525), (612, 25555, -1.48), (615, 21095, 2.435), (616, 24628, 0.155), (617, 27079, -0.89), (618, 28238, 0.08), (619, 30996, -1.2288), (622, 29989, 1.8825), (623, 38829, 0.6325), (624, 36279, -1.235), (625, 39357, 1.035), (626, 49086, -2.695), (629, 41518, 2.1325), (630, 50056, 1.18), (701, 49330, -0.2525), (702, 55084, -0.935), (706, 43632, 0.9625), (707, 57413, -0.68), (708, 60504, 1.1625), (709, 59832, -0.58), (710, 68522, 0.585), (713, 59625, -1.7875), (714, 65757, 2.2175), (715, 66299, -1.265), (716, 70774, -0.04), (717, 66422, -0.66), (720, 60856, 1.9412), (721, 68295, -2.1725), (722, 67450, 0.58), (723, 67767, -4.1534), (724, 74949, 1.6275), (727, 59997, 1.1), (728, 64564, -1.115), (729, 64052, 1.29), (730, 69204, 2.0025), (731, 64375, 3.3762), (803, 41896, 0.7375), (804, 61621, 0.5325), (805, 54137, 0.685), (806, 60036, 3.4975), (807, 60441, -2.0925), (810, 51637, 0.1275), (811, 56876, -2.5938), (812, 55222, 2.5125), (813, 51446, 0.58), (814, 70072, 0.0787), (817, 37997, -1.455), (818, 44975, 1.21), (819, 45915, -0.2758), (820, 45135, 2.525), (821, 47900, 5.1075), (824, 34091, -2.84), (825, 42562, 0.1275), (826, 42192, 0.3434), (827, 50437, -2.1325), (828, 46320, -1.205), (831, 33526, 1.46), (901, 41969, 1.42), (902, 40118, -6.19), (903, 45211, -6.03), (904, 48659, 0.89), (908, 27103, -1.13), (909, 33851, 0.06), (910, 39622, -6.87), (911, 44825, -2.57), (914, 32901, 0.635), (915, 37439, -2.79), (916, 38349, -3.1), (917, 45441, 0.62), (918, 50227, -3.56), (921, 32260, 5.54), (922, 38308, -0.87), (923, 41230, -4.5), (924, 48997, 3.05), (925, 47626, 3.85), (928, 36571, -0.05), (929, 42290, -0.46), (930, 38916, 2.02), (1001, 46362, -0.85), (1002, 53547, 0.13), (1005, 37947, 2.59), (1006, 45021, -2.54), (1007, 49467, 0.46), (1008, 58213, -1.28), (1009, 55331, 1.69), (1012, 42955, 4.34), (1013, 50596, -4.17), (1014, 59171, 0.19), (1015, 63862, 1.99), (1016, 70310, -2.26), (1019, 68737, -3.98), (1020, 62571, 1.31), (1021, 61425, 0.2), (1022, 80216, -1.7), (1023, 82132, -1.35), (1026, 64470, 1.04), (1027, 78977, 1.11), (1028, 88388, -3.85), (1029, 92679, 2.95), (1030, 100499, -2.2), (1102, 83938, -0.34), (1103, 126902, 0.78), (1104, 102069, 0.81), (1105, 130032, 1.08), (1106, 129127, 0.37), (1109, 119525, -4.18), (1110, 139101, 0.42), (1111, 149559, 2.3), (1112, 159643, -0.41), (1113, 178761, -0.18), (1116, 155737, 1.38), (1117, 167352, -0.16), (1118, 173416, -0.58), (1119, 191967, 1.05), (1120, 201085, -1.3), (1123, 184286, -3.33), (1124, 174968, 1.26), (1125, 181251, 0.48), (1127, 215202, 0.02), (1130, 158531, 2.08), (1201, 198831, 1.71), (1202, 197016, 1.06), (1203, 219423, -0.58), (1204, 235134, -0.35), (1207, 196241, 1.44), (1208, 227499, 0.01), (1209, 215735, -2.75), (1210, 235777, 2.74), (1211, 236902, -0.02), (1214, 210361, -0.82), (1215, 227221, 3.54), (1216, 234143, 0.4), (1217, 239174, -0.2), (1218, 246440, -2.305), (1221, 197425, 3.21), (1222, 205790, 0.27), (1223, 220787, -1.2), (1224, 211595, 0.65), (1228, 174633, 2.7), (1229, 206841, -3.18), (1230, 218748, -1.86), (1231, 313926, -1.39)]
January: 
Average Cases Per Day: 
0.5
 Average Apple Price Change Per Day: 
-0.179175
February: 
Average Cases Per Day: 
0.47368421052631576
 Average Apple Price Change Per Day: 
0.23921052631578957
March: 
Average Cases Per Day: 
6253.045454545455
 Average Apple Price Change Per Day: 
0.3426681818181817
April: 
Average Cases Per Day: 
30031.238095238095
 Average Apple Price Change Per Day: 
0.1436904761904762
May: 
Average Cases Per Day: 
23700.15
 Average Apple Price Change Per Day: 
0.275
June: 
Average Cases Per Day: 
28851.045454545456
 Average Apple Price Change Per Day: 
0.316359090909091
July: 
Average Cases Per Day: 
62941.045454545456
 Average Apple Price Change Per Day: 
0.1456363636363636
August: 
Average Cases Per Day: 
49258.76190476191
 Average Apple Price Change Per Day: 
0.33
September: 
Average Cases Per Day: 
40567.28571428572
 Average Apple Price Change Per Day: 
-0.9540476190476189
October: 
Average Cases Per Day: 
64221.63636363636
 Average Apple Price Change Per Day: 
-0.2809090909090909
November: 
Average Cases Per Day: 
156122.6
 Average Apple Price Change Per Day: 
0.07750000000000004
